таблица Data:

Месяц действия	Месяц календарный	MCL	Exp
1	1	112	39
1	2	47	65
1	3	39	76
1	4	25	67
1	5	0	44
1	6	75	70
1	7	112	65
1	8	17	70
1	9	38	72
1	10	44	85
1	11	72	77
1	12	169	96
2	1	348	206
2	2	85	94
2	3	116	140
2	4	168	154
2	5	125	131
2	6	50	104
2	7	150	142
2	8	37	129
2	9	157	134
2	10	78	159
2	11	94	168
2	12	255	172
3	1	108	172
3	2	179	189
3	3	112	102
3	4	131	135
3	5	117	158
3	6	51	127
3	7	131	108
3	8	227	141
3	9	102	124
3	10	87	138
3	11	210	154
3	12	307	174
4	1	131	173
4	2	36	157
4	3	292	205
4	4	112	98
4	5	181	139
4	6	129	153
4	7	199	131
4	8	81	107
4	9	76	136
4	10	0	128
4	11	75	133
4	12	135	158
5	1	173	158
5	2	300	158
5	3	327	171
5	4	282	199
5	5	28	100
5	6	116	133
5	7	188	158
5	8	100	130
5	9	50	103
5	10	100	139
5	11	204	123
5	12	323	137
6	1	173	137
6	2	293	144
6	3	163	172
6	4	210	165
6	5	103	205
6	6	57	97
6	7	122	137
6	8	110	157
6	9	151	126
6	10	161	107
6	11	126	134
6	12	187	127
7	1	65	126
7	2	70	125
7	3	291	157
7	4	100	166
7	5	46	170
7	6	169	198
7	7	84	100
7	8	148	137
7	9	71	152
7	10	26	129
7	11	182	103
7	12	127	138
8	1	303	138
8	2	242	114
8	3	121	136
8	4	155	152
8	5	56	172
8	6	246	164
8	7	108	205
8	8	56	100
8	9	137	132
8	10	143	156
8	11	174	124
8	12	182	106
9	1	101	105
9	2	76	125
9	3	140	126
9	4	93	131
9	5	95	157
9	6	213	166
9	7	118	169
9	8	277	205
9	9	84	96
9	10	89	137
9	11	253	151
9	12	202	128
10	1	174	128
10	2	182	95
10	3	100	138
10	4	65	122
10	5	213	135
10	6	40	151
10	7	194	171
10	8	291	168
10	9	76	198
10	10	84	99
10	11	143	132
10	12	381	155
11	1	32	155
11	2	100	116
11	3	81	105
11	4	125	133
11	5	103	126
11	6	87	131
11	7	115	156
11	8	182	171
11	9	36	163
11	10	207	204
11	11	113	96
11	12	187	136
12	1	184	136
12	2	182	140
12	3	172	128
12	4	51	101
12	5	152	137
12	6	170	121
12	7	150	135
12	8	171	156
12	9	175	165
12	10	210	168
12	11	71	197
12	12	168	99
13	1	84	61
13	2	21	61
13	3	32	80
13	4	26	59
13	5	0	61
13	6	0	65
13	7	65	62
13	8	40	67
13	9	60	81
13	10	69	87
13	11	46	87
13	12	136	109


результат эталона вот:
Месяц действия	K1	Месяц календарный	K2
1	0.85	1	1.14
2	0.96	2	1.08
3	1.00	3	1.17
4	0.86	4	0.91
5	1.22	5	0.70
6	1.11	6	0.83
7	0.80	7	1.02
8	1.15	8	1.01
9	1.04	9	0.73
10	1.12	10	0.75
11	0.84	11	1.06
12	1.17	12	1.61
13	0.63		

а получилось по твоему коду вот:
1	0.8935059446491898798915126924292405994894102887			1
2	0.9451972708986696326148592949149553402510039332			1
3	1.007139814440909419308453313982564820111965053			1
4	0.8267466723753198720343894096936426784729138541			1
5	1.264114156045824385219242451243303283673377361			1
6	1.0901518817765831534446641779890850513105941919			1
7	0.8220898979400544399204631972602216134373154574			1
8	1.1607851044619735329478987487768885571418023274			1
9	1.0337962559716295630840259842661147642919519003			1
10	1.1506098410758979291960949191340126739837340698			1
11	0.8219401720995853165536706889631653986601172409			1
12	1.122807686775801241244066230009644407177139544			1
13	0.6435631507522460590518528583539891204428593870			1
		1	1.1454354757823999207571544969174289839210552200	1
		2	1.1394220609408863378553686254681698116416168085	1
		3	1.1456804499021413025692567837194490073022665798	1
		4	0.9067260186383388290079232610733930532228100543	1
		5	0.7020221397303735540168002583676846173529043904	1
		6	0.8387742360120339346675258217312312620345790475	1
		7	0.9841118511661176840163749840525588242893018549	1
		8	0.9973068013555584487777745756601291977741211297	1
		9	0.7264242530151481094946289032514672116138036437	1
		10	0.7563184578631852040935528604969297310198290935	1
		11	1.0451911130840279540576986754425422948620803296	1
		12	1.6147130235310161718513470399665944641144027931	1
